Dynamical matrix file
                                                                           
  2    5  1 18.8972613  0.0000000  0.0000000  0.0000000  0.0000000  0.0000000
           1  'C   '    10947.3567922507     
           2  'H   '    918.735796069331     
    1    1      0.0000000000      0.0000000000      0.0000000000
    2    2      0.0634532333      0.0634532333      0.0634532333
    3    2     -0.0634532333     -0.0634532333      0.0634532333
    4    2      0.0634532333     -0.0634532333     -0.0634532333
    5    2     -0.0634532333      0.0634532333     -0.0634532333

     Dynamical  Matrix in cartesian axes

     q = (    0.000000000   0.000000000   0.000000000 ) 

    1    1
  1.11410637  0.00000000    0.00000000  0.00000000    0.00000000  0.00000000
  0.00000000  0.00000000    1.11410637  0.00000000    0.00000000  0.00000000
  0.00000000  0.00000000    0.00000000  0.00000000    1.11410637  0.00000000
    1    2
 -0.27902293  0.00000000   -0.22343388  0.00000000   -0.22343388  0.00000000
 -0.22343388  0.00000000   -0.27902293  0.00000000   -0.22343388  0.00000000
 -0.22343388  0.00000000   -0.22343388  0.00000000   -0.27902293  0.00000000
    1    3
 -0.27902293  0.00000000   -0.22343388  0.00000000    0.22343388  0.00000000
 -0.22343388  0.00000000   -0.27902293  0.00000000    0.22343388  0.00000000
  0.22343388  0.00000000    0.22343388  0.00000000   -0.27902293  0.00000000
    1    4
 -0.27902293  0.00000000    0.22343388  0.00000000    0.22343388  0.00000000
  0.22343388  0.00000000   -0.27902293  0.00000000   -0.22343388  0.00000000
  0.22343388  0.00000000   -0.22343388  0.00000000   -0.27902293  0.00000000
    1    5
 -0.27902293  0.00000000    0.22343388  0.00000000   -0.22343388  0.00000000
  0.22343388  0.00000000   -0.27902293  0.00000000    0.22343388  0.00000000
 -0.22343388  0.00000000    0.22343388  0.00000000   -0.27902293  0.00000000
    2    1
 -0.27852659  0.00000000   -0.22341214  0.00000000   -0.22341214  0.00000000
 -0.22341214  0.00000000   -0.27852659  0.00000000   -0.22341214  0.00000000
 -0.22341214  0.00000000   -0.22341214  0.00000000   -0.27852659  0.00000000
    2    2
  0.29633049  0.00000000    0.23754229  0.00000000    0.23754229  0.00000000
  0.23754229  0.00000000    0.29633049  0.00000000    0.23754229  0.00000000
  0.23754229  0.00000000    0.23754229  0.00000000    0.29633049  0.00000000
    2    3
 -0.01895341  0.00000000   -0.01410364  0.00000000   -0.02184429  0.00000000
 -0.01410364  0.00000000   -0.01895341  0.00000000   -0.02184429  0.00000000
  0.02184906  0.00000000    0.02184906  0.00000000    0.02059925  0.00000000
    2    4
  0.02059925  0.00000000    0.02184906  0.00000000    0.02184906  0.00000000
 -0.02184429  0.00000000   -0.01895341  0.00000000   -0.01410364  0.00000000
 -0.02184429  0.00000000   -0.01410364  0.00000000   -0.01895341  0.00000000
    2    5
 -0.01895341  0.00000000   -0.02184429  0.00000000   -0.01410364  0.00000000
  0.02184906  0.00000000    0.02059925  0.00000000    0.02184906  0.00000000
 -0.01410364  0.00000000   -0.02184429  0.00000000   -0.01895341  0.00000000
    3    1
 -0.27852659  0.00000000   -0.22341214  0.00000000    0.22341214  0.00000000
 -0.22341214  0.00000000   -0.27852659  0.00000000    0.22341214  0.00000000
  0.22341214  0.00000000    0.22341214  0.00000000   -0.27852659  0.00000000
    3    2
 -0.01895341  0.00000000   -0.01410364  0.00000000    0.02184429  0.00000000
 -0.01410364  0.00000000   -0.01895341  0.00000000    0.02184429  0.00000000
 -0.02184906  0.00000000   -0.02184906  0.00000000    0.02059925  0.00000000
    3    3
  0.29633049  0.00000000    0.23754229  0.00000000   -0.23754229  0.00000000
  0.23754229  0.00000000    0.29633049  0.00000000   -0.23754229  0.00000000
 -0.23754229  0.00000000   -0.23754229  0.00000000    0.29633049  0.00000000
    3    4
 -0.01895341  0.00000000   -0.02184429  0.00000000    0.01410364  0.00000000
  0.02184906  0.00000000    0.02059925  0.00000000   -0.02184906  0.00000000
  0.01410364  0.00000000    0.02184429  0.00000000   -0.01895341  0.00000000
    3    5
  0.02059925  0.00000000    0.02184906  0.00000000   -0.02184906  0.00000000
 -0.02184429  0.00000000   -0.01895341  0.00000000    0.01410364  0.00000000
  0.02184429  0.00000000    0.01410364  0.00000000   -0.01895341  0.00000000
    4    1
 -0.27852659  0.00000000    0.22341214  0.00000000    0.22341214  0.00000000
  0.22341214  0.00000000   -0.27852659  0.00000000   -0.22341214  0.00000000
  0.22341214  0.00000000   -0.22341214  0.00000000   -0.27852659  0.00000000
    4    2
  0.02059925  0.00000000   -0.02184906  0.00000000   -0.02184906  0.00000000
  0.02184429  0.00000000   -0.01895341  0.00000000   -0.01410364  0.00000000
  0.02184429  0.00000000   -0.01410364  0.00000000   -0.01895341  0.00000000
    4    3
 -0.01895341  0.00000000    0.02184429  0.00000000    0.01410364  0.00000000
 -0.02184906  0.00000000    0.02059925  0.00000000    0.02184906  0.00000000
  0.01410364  0.00000000   -0.02184429  0.00000000   -0.01895341  0.00000000
    4    4
  0.29633049  0.00000000   -0.23754229  0.00000000   -0.23754229  0.00000000
 -0.23754229  0.00000000    0.29633049  0.00000000    0.23754229  0.00000000
 -0.23754229  0.00000000    0.23754229  0.00000000    0.29633049  0.00000000
    4    5
 -0.01895341  0.00000000    0.01410364  0.00000000    0.02184429  0.00000000
  0.01410364  0.00000000   -0.01895341  0.00000000   -0.02184429  0.00000000
 -0.02184906  0.00000000    0.02184906  0.00000000    0.02059925  0.00000000
    5    1
 -0.27852659  0.00000000    0.22341214  0.00000000   -0.22341214  0.00000000
  0.22341214  0.00000000   -0.27852659  0.00000000    0.22341214  0.00000000
 -0.22341214  0.00000000    0.22341214  0.00000000   -0.27852659  0.00000000
    5    2
 -0.01895341  0.00000000    0.02184429  0.00000000   -0.01410364  0.00000000
 -0.02184906  0.00000000    0.02059925  0.00000000   -0.02184906  0.00000000
 -0.01410364  0.00000000    0.02184429  0.00000000   -0.01895341  0.00000000
    5    3
  0.02059925  0.00000000   -0.02184906  0.00000000    0.02184906  0.00000000
  0.02184429  0.00000000   -0.01895341  0.00000000    0.01410364  0.00000000
 -0.02184429  0.00000000    0.01410364  0.00000000   -0.01895341  0.00000000
    5    4
 -0.01895341  0.00000000    0.01410364  0.00000000   -0.02184429  0.00000000
  0.01410364  0.00000000   -0.01895341  0.00000000    0.02184429  0.00000000
  0.02184906  0.00000000   -0.02184906  0.00000000    0.02059925  0.00000000
    5    5
  0.29633049  0.00000000   -0.23754229  0.00000000    0.23754229  0.00000000
 -0.23754229  0.00000000    0.29633049  0.00000000   -0.23754229  0.00000000
  0.23754229  0.00000000   -0.23754229  0.00000000    0.29633049  0.00000000
